0000000000000000000000000000010010101100001110001010100011011010
0000000000000000000000000001010010101100001110001010100011011010

0000000000000000000000000000000111010011010100111111010101011000
0000000000000000000000000001000111010011010100111111010101011000

0000000000000000000000000000010000000011011011001101101001100001
0000000000000000000000000000010000000011011011001101101001100001

0000000000000000000000000000010001000101000101000111001110110011
0000000000000000000000000000010001000101000101000111001110110011

0000000000000000000000000000011010111010111110111001011010001100
0000000000000000000000000001011010111010111110111001011010001100

